Filing Month,Cases with victim contact,Cases with no victim contact,Total,Percent of cases with at least one contact
2022 Q1,179,7,186,96.23655914
2022 Q2,237,10,247,95.951417
2022 Q3,262,10,272,96.32352941
2022 Q4,216,7,223,96.86098655
2023 Q1,206,12,218,94.49541284
2023 Q2,230,12,242,95.04132231
2023 Q3,243,8,251,96.812749
2023 Q4,215,6,221,97.28506787
2024 Q1,244,12,256,95.3125
2024 Q2,192,8,200,96
2024 Q3,213,14,227,93.83259912
2024 Q4,201,15,216,93.05555556
2025 Q1,178,30,208,85.57692308
