Filing Month,Cases with victim contact,Cases with no victim contact,Total,Percent of cases with at least one contact
2022 Q1,179,7,186,96.23655914
2022 Q2,237,10,247,95.951417
2022 Q3,260,12,272,95.58823529
2022 Q4,216,7,223,96.86098655
2023 Q1,205,13,218,94.03669725
2023 Q2,228,14,242,94.21487603
2023 Q3,242,9,251,96.41434263
2023 Q4,214,7,221,96.83257919
2024 Q1,242,13,255,94.90196078
2024 Q2,187,12,199,93.96984925
2024 Q3,197,31,228,86.40350877
