Filing Month,Cases with victim contact,Cases with no victim contact,Total,Percent of cases with at least one contact
Nov 2021,74,13,87,85.05747126
Dec 2021,68,9,77,88.31168831
Jan 2022,62,4,66,93.93939394
Feb 2022,54,4,58,93.10344828
Mar 2022,56,5,61,91.80327869
Apr 2022,74,6,80,92.5
May 2022,68,4,72,94.44444444
Jun 2022,87,7,94,92.55319149
Jul 2022,79,8,87,90.8045977
Aug 2022,74,11,85,87.05882353
Sep 2022,75,21,96,78.125