Filing Month,Cases with victim contact,Cases with no victim contact,Total,Percent of cases with at least one contact
2022 Q1,179,7,186,96.23655914
2022 Q2,237,10,247,95.951417
2022 Q3,261,11,272,95.95588235
2022 Q4,216,7,223,96.86098655
2023 Q1,205,13,218,94.03669725
2023 Q2,228,14,242,94.21487603
2023 Q3,242,9,251,96.41434263
2023 Q4,215,6,221,97.28506787
2024 Q1,243,12,255,95.29411765
2024 Q2,190,9,199,95.47738693
2024 Q3,210,18,228,92.10526316
2024 Q4,192,24,216,88.88888889
