Filing Month,Cases with victim contact,Cases with no victim contact,Total,Percent of cases with at least one contact
2022 Q1,179,7,186,96.23655914
2022 Q2,237,10,247,95.951417
2022 Q3,259,13,272,95.22058824
2022 Q4,216,7,223,96.86098655
2023 Q1,205,13,218,94.03669725
2023 Q2,226,13,239,94.56066946
2023 Q3,241,9,250,96.4
2023 Q4,213,8,221,96.3800905
2024 Q1,241,14,255,94.50980392
2024 Q2,173,25,198,87.37373737
